INFO:root:Kezdodik
INFO:root:forgatas: ------------- 
 0.8668967489356029 0 -0.49848773975383026
 0.2492438698769151 0.8660254037844387 0.4334483744678014
 0.4317030461019031 -0.49999999999999994 0.7507546070363726

INFO:root:forgatas: ------------- 
 0.5030199466302352 0 -0.8642748019537047
 0.7484839343426728 0.5000000000000001 0.4356280523920762
 0.43213740097685244 -0.8660254037844386 0.25150997331511765

INFO:root:forgatas: ------------- 
 0.005235963831419537 0 -0.9999862922474267
 0.9999862922474267 6.123233995736766e-17 0.005235963831419537
 6.123150059960204e-17 -1.0 3.206103173299624e-19

INFO:root:forgatas: ------------- 
 0.005235963831419537 0 -0.9999862922474267
 0.9999862922474267 6.123233995736766e-17 0.005235963831419537
 6.123150059960204e-17 -1.0 3.206103173299624e-19

INFO:root:forgatas: ------------- 
 0.005235963831419537 0 -0.9999862922474267
 0.9999862922474267 6.123233995736766e-17 0.005235963831419537
 6.123150059960204e-17 -1.0 3.206103173299624e-19

INFO:root:forgatas: ------------- 
 0.005235963831419537 0 -0.9999862922474267
 0.9999862922474267 6.123233995736766e-17 0.005235963831419537
 6.123150059960204e-17 -1.0 3.206103173299624e-19

INFO:root:forgatas: ------------- 
 0.005235963831419537 0 -0.9999862922474267
 0.9999862922474267 6.123233995736766e-17 0.005235963831419537
 6.123150059960204e-17 -1.0 3.206103173299624e-19

INFO:root:forgatas: ------------- 
 0.005235963831419537 0 -0.9999862922474267
 0.9999862922474267 6.123233995736766e-17 0.005235963831419537
 6.123150059960204e-17 -1.0 3.206103173299624e-19

INFO:root:forgatas: ------------- 
 0.005235963831419537 0 -0.9999862922474267
 0.9999862922474267 6.123233995736766e-17 0.005235963831419537
 6.123150059960204e-17 -1.0 3.206103173299624e-19

INFO:root:forgatas: ------------- 
 0.005235963831419537 0 -0.9999862922474267
 0.9999862922474267 6.123233995736766e-17 0.005235963831419537
 6.123150059960204e-17 -1.0 3.206103173299624e-19

INFO:root:forgatas: ------------- 
 0.005235963831419537 0 -0.9999862922474267
 0.9999862922474267 6.123233995736766e-17 0.005235963831419537
 6.123150059960204e-17 -1.0 3.206103173299624e-19

INFO:root:forgatas: ------------- 
 0.005235963831419537 0 -0.9999862922474267
 0.9999862922474267 6.123233995736766e-17 0.005235963831419537
 6.123150059960204e-17 -1.0 3.206103173299624e-19

INFO:root:forgatas: ------------- 
 0.005235963831419537 0 -0.9999862922474267
 0.9999862922474267 6.123233995736766e-17 0.005235963831419537
 6.123150059960204e-17 -1.0 3.206103173299624e-19

INFO:root:forgatas: ------------- 
 0.005235963831419537 0 -0.9999862922474267
 0.9999862922474267 6.123233995736766e-17 0.005235963831419537
 6.123150059960204e-17 -1.0 3.206103173299624e-19

INFO:root:forgatas: ------------- 
 0.005235963831419537 0 -0.9999862922474267
 0.9999862922474267 6.123233995736766e-17 0.005235963831419537
 6.123150059960204e-17 -1.0 3.206103173299624e-19

INFO:root:forgatas: ------------- 
 0.005235963831419537 0 -0.9999862922474267
 0.9999862922474267 6.123233995736766e-17 0.005235963831419537
 6.123150059960204e-17 -1.0 3.206103173299624e-19

INFO:root:forgatas: ------------- 
 0.005235963831419537 0 -0.9999862922474267
 0.9999862922474267 6.123233995736766e-17 0.005235963831419537
 6.123150059960204e-17 -1.0 3.206103173299624e-19

INFO:root:forgatas: ------------- 
 0.005235963831419537 0 -0.9999862922474267
 0.9999862922474267 6.123233995736766e-17 0.005235963831419537
 6.123150059960204e-17 -1.0 3.206103173299624e-19

INFO:root:forgatas: ------------- 
 0.005235963831419537 0 -0.9999862922474267
 0.9999862922474267 6.123233995736766e-17 0.005235963831419537
 6.123150059960204e-17 -1.0 3.206103173299624e-19

INFO:root:forgatas: ------------- 
 0.005235963831419537 0 -0.9999862922474267
 0.9999862922474267 6.123233995736766e-17 0.005235963831419537
 6.123150059960204e-17 -1.0 3.206103173299624e-19

INFO:root:forgatas: ------------- 
 0.005235963831419537 0 -0.9999862922474267
 0.9999862922474267 6.123233995736766e-17 0.005235963831419537
 6.123150059960204e-17 -1.0 3.206103173299624e-19

INFO:root:forgatas: ------------- 
 0.005235963831419537 0 -0.9999862922474267
 0.9999862922474267 6.123233995736766e-17 0.005235963831419537
 6.123150059960204e-17 -1.0 3.206103173299624e-19

INFO:root:forgatas: ------------- 
 0.005235963831419537 0 -0.9999862922474267
 0.9999862922474267 6.123233995736766e-17 0.005235963831419537
 6.123150059960204e-17 -1.0 3.206103173299624e-19

INFO:root:forgatas: ------------- 
 0.005235963831419537 0 -0.9999862922474267
 0.9999862922474267 6.123233995736766e-17 0.005235963831419537
 6.123150059960204e-17 -1.0 3.206103173299624e-19

INFO:root:forgatas: ------------- 
 0.005235963831419537 0 -0.9999862922474267
 0.9999862922474267 6.123233995736766e-17 0.005235963831419537
 6.123150059960204e-17 -1.0 3.206103173299624e-19

INFO:root:forgatas: ------------- 
 0.005235963831419537 0 -0.9999862922474267
 0.9999862922474267 6.123233995736766e-17 0.005235963831419537
 6.123150059960204e-17 -1.0 3.206103173299624e-19

INFO:root:forgatas: ------------- 
 0.005235963831419537 0 -0.9999862922474267
 0.9999862922474267 6.123233995736766e-17 0.005235963831419537
 6.123150059960204e-17 -1.0 3.206103173299624e-19

INFO:root:forgatas: ------------- 
 0.005235963831419537 0 -0.9999862922474267
 0.9999862922474267 6.123233995736766e-17 0.005235963831419537
 6.123150059960204e-17 -1.0 3.206103173299624e-19

INFO:root:forgatas: ------------- 
 0.005235963831419537 0 -0.9999862922474267
 0.9999862922474267 6.123233995736766e-17 0.005235963831419537
 6.123150059960204e-17 -1.0 3.206103173299624e-19

INFO:root:forgatas: ------------- 
 0.005235963831419537 0 -0.9999862922474267
 0.9999862922474267 6.123233995736766e-17 0.005235963831419537
 6.123150059960204e-17 -1.0 3.206103173299624e-19

INFO:root:forgatas: ------------- 
 0.005235963831419537 0 -0.9999862922474267
 0.9999862922474267 6.123233995736766e-17 0.005235963831419537
 6.123150059960204e-17 -1.0 3.206103173299624e-19

INFO:root:forgatas: ------------- 
 0.005235963831419537 0 -0.9999862922474267
 0.9999862922474267 6.123233995736766e-17 0.005235963831419537
 6.123150059960204e-17 -1.0 3.206103173299624e-19

INFO:root:forgatas: ------------- 
 0.005235963831419537 0 -0.9999862922474267
 0.9999862922474267 6.123233995736766e-17 0.005235963831419537
 6.123150059960204e-17 -1.0 3.206103173299624e-19

INFO:root:forgatas: ------------- 
 0.005235963831419537 0 -0.9999862922474267
 0.9999862922474267 6.123233995736766e-17 0.005235963831419537
 6.123150059960204e-17 -1.0 3.206103173299624e-19

INFO:root:forgatas: ------------- 
 0.005235963831419537 0 -0.9999862922474267
 0.9999862922474267 6.123233995736766e-17 0.005235963831419537
 6.123150059960204e-17 -1.0 3.206103173299624e-19

INFO:root:forgatas: ------------- 
 0.005235963831419537 0 -0.9999862922474267
 0.9999862922474267 6.123233995736766e-17 0.005235963831419537
 6.123150059960204e-17 -1.0 3.206103173299624e-19

INFO:root:forgatas: ------------- 
 0.005235963831419537 0 -0.9999862922474267
 0.9999862922474267 6.123233995736766e-17 0.005235963831419537
 6.123150059960204e-17 -1.0 3.206103173299624e-19

INFO:root:forgatas: ------------- 
 0.005235963831419537 0 -0.9999862922474267
 0.9999862922474267 6.123233995736766e-17 0.005235963831419537
 6.123150059960204e-17 -1.0 3.206103173299624e-19

INFO:root:forgatas: ------------- 
 0.005235963831419537 0 -0.9999862922474267
 0.9999862922474267 6.123233995736766e-17 0.005235963831419537
 6.123150059960204e-17 -1.0 3.206103173299624e-19

INFO:root:forgatas: ------------- 
 0.005235963831419537 0 -0.9999862922474267
 0.9999862922474267 6.123233995736766e-17 0.005235963831419537
 6.123150059960204e-17 -1.0 3.206103173299624e-19

INFO:root:forgatas: ------------- 
 0.005235963831419537 0 -0.9999862922474267
 0.9999862922474267 6.123233995736766e-17 0.005235963831419537
 6.123150059960204e-17 -1.0 3.206103173299624e-19

INFO:root:forgatas: ------------- 
 0.005235963831419537 0 -0.9999862922474267
 0.9999862922474267 6.123233995736766e-17 0.005235963831419537
 6.123150059960204e-17 -1.0 3.206103173299624e-19

INFO:root:forgatas: ------------- 
 0.005235963831419537 0 -0.9999862922474267
 0.9999862922474267 6.123233995736766e-17 0.005235963831419537
 6.123150059960204e-17 -1.0 3.206103173299624e-19

INFO:root:forgatas: ------------- 
 0.005235963831419537 0 -0.9999862922474267
 0.9999862922474267 6.123233995736766e-17 0.005235963831419537
 6.123150059960204e-17 -1.0 3.206103173299624e-19

INFO:root:forgatas: ------------- 
 0.008726535498373897 0 -0.9999619230641713
 0.9999558309539395 0.0034906514152237985 0.008726482333333336
 0.0034905185019138605 -0.9999939076577904 3.0461293487399556e-05

INFO:root:forgatas: ------------- 
 0.008726535498373897 0 -0.9999619230641713
 0.9999558309539395 0.0034906514152237985 0.008726482333333336
 0.0034905185019138605 -0.9999939076577904 3.0461293487399556e-05

INFO:root:forgatas: ------------- 
 0.008726535498373897 0 -0.9999619230641713
 0.9999558309539395 0.0034906514152237985 0.008726482333333336
 0.0034905185019138605 -0.9999939076577904 3.0461293487399556e-05

INFO:root:forgatas: ------------- 
 0.008726535498373897 0 -0.9999619230641713
 0.9999558309539395 0.0034906514152237985 0.008726482333333336
 0.0034905185019138605 -0.9999939076577904 3.0461293487399556e-05

INFO:root:forgatas: ------------- 
 0.008726535498373897 0 -0.9999619230641713
 0.9999558309539395 0.0034906514152237985 0.008726482333333336
 0.0034905185019138605 -0.9999939076577904 3.0461293487399556e-05

INFO:root:forgatas: ------------- 
 0.008726535498373897 0 -0.9999619230641713
 0.9999558309539395 0.0034906514152237985 0.008726482333333336
 0.0034905185019138605 -0.9999939076577904 3.0461293487399556e-05

INFO:root:forgatas: ------------- 
 0.008726535498373897 0 -0.9999619230641713
 0.9999558309539395 0.0034906514152237985 0.008726482333333336
 0.0034905185019138605 -0.9999939076577904 3.0461293487399556e-05

INFO:root:forgatas: ------------- 
 0.008726535498373897 0 -0.9999619230641713
 0.9999558309539395 0.0034906514152237985 0.008726482333333336
 0.0034905185019138605 -0.9999939076577904 3.0461293487399556e-05

INFO:root:forgatas: ------------- 
 0.008726535498373897 0 -0.9999619230641713
 0.9999558309539395 0.0034906514152237985 0.008726482333333336
 0.0034905185019138605 -0.9999939076577904 3.0461293487399556e-05

INFO:root:forgatas: ------------- 
 0.012217000835247136 0 -0.999925369660452
 0.9999010021845355 0.006981260297961624 0.012216703115554589
 0.006980739284135114 -0.9999756307053947 8.529006289127482e-05

INFO:root:forgatas: ------------- 
 0.012217000835247136 0 -0.999925369660452
 0.9999010021845355 0.006981260297961624 0.012216703115554589
 0.006980739284135114 -0.9999756307053947 8.529006289127482e-05

INFO:root:forgatas: ------------- 
 0.012217000835247136 0 -0.999925369660452
 0.9999010021845355 0.006981260297961624 0.012216703115554589
 0.006980739284135114 -0.9999756307053947 8.529006289127482e-05

INFO:root:forgatas: ------------- 
 0.013962180339145352 0 -0.9999025240093042
 0.9998476987194868 0.010471784116245646 0.013961414783938522
 0.010470763368714563 -0.9999451693655121 0.00014620893830361956

INFO:root:forgatas: ------------- 
 0.013962180339145352 0 -0.9999025240093042
 0.9998476987194868 0.010471784116245646 0.013961414783938522
 0.010470763368714563 -0.9999451693655121 0.00014620893830361956

INFO:root:forgatas: ------------- 
 0.013962180339145352 0 -0.9999025240093042
 0.9998476987194868 0.010471784116245646 0.013961414783938522
 0.010470763368714563 -0.9999451693655121 0.00014620893830361956

INFO:root:forgatas: ------------- 
 0.013962180339145352 0 -0.9999025240093042
 0.9998476987194868 0.010471784116245646 0.013961414783938522
 0.010470763368714563 -0.9999451693655121 0.00014620893830361956

INFO:root:forgatas: ------------- 
 0.013962180339145352 0 -0.9999025240093042
 0.9998476987194868 0.010471784116245646 0.013961414783938522
 0.010470763368714563 -0.9999451693655121 0.00014620893830361956

INFO:root:forgatas: ------------- 
 0.013962180339145352 0 -0.9999025240093042
 0.9998476987194868 0.010471784116245646 0.013961414783938522
 0.010470763368714563 -0.9999451693655121 0.00014620893830361956

INFO:root:forgatas: ------------- 
 0.013962180339145352 0 -0.9999025240093042
 0.9998476987194868 0.010471784116245646 0.013961414783938522
 0.010470763368714563 -0.9999451693655121 0.00014620893830361956

INFO:root:forgatas: ------------- 
 0.013962180339145352 0 -0.9999025240093042
 0.9998476987194868 0.010471784116245646 0.013961414783938522
 0.010470763368714563 -0.9999451693655121 0.00014620893830361956

INFO:root:forgatas: ------------- 
 0.013962180339145352 0 -0.9999025240093042
 0.9998476987194868 0.010471784116245646 0.013961414783938522
 0.010470763368714563 -0.9999451693655121 0.00014620893830361956

INFO:root:forgatas: ------------- 
 0.01919744239968964 0 -0.9998157121216442
 0.9997182540945919 0.013962180339145352 0.019195571109972907
 0.01395960727855343 -0.9999025240093042 0.00026803815283482207

INFO:root:forgatas: ------------- 
 0.01919744239968964 0 -0.9998157121216442
 0.9997182540945919 0.013962180339145352 0.019195571109972907
 0.01395960727855343 -0.9999025240093042 0.00026803815283482207

INFO:root:forgatas: ------------- 
 0.01919744239968964 0 -0.9998157121216442
 0.9997182540945919 0.013962180339145352 0.019195571109972907
 0.01395960727855343 -0.9999025240093042 0.00026803815283482207

INFO:root:forgatas: ------------- 
 0.01919744239968964 0 -0.9998157121216442
 0.9997182540945919 0.013962180339145352 0.019195571109972907
 0.01395960727855343 -0.9999025240093042 0.00026803815283482207

INFO:root:forgatas: ------------- 
 0.01919744239968964 0 -0.9998157121216442
 0.9997182540945919 0.013962180339145352 0.019195571109972907
 0.01395960727855343 -0.9999025240093042 0.00026803815283482207

INFO:root:forgatas: ------------- 
 0.02792163872356876 0 -0.9996101150403544
 0.9994578695781134 0.0174524064372836 0.027917386122749667
 0.01744560200650408 -0.9998476951563913 0.0004872997873987184

INFO:root:forgatas: ------------- 
 0.02792163872356876 0 -0.9996101150403544
 0.9994578695781134 0.0174524064372836 0.027917386122749667
 0.01744560200650408 -0.9998476951563913 0.0004872997873987184

INFO:root:forgatas: ------------- 
 0.02792163872356876 0 -0.9996101150403544
 0.9994578695781134 0.0174524064372836 0.027917386122749667
 0.01744560200650408 -0.9998476951563913 0.0004872997873987184

INFO:root:forgatas: ------------- 
 0.02792163872356876 0 -0.9996101150403544
 0.9994578695781134 0.0174524064372836 0.027917386122749667
 0.01744560200650408 -0.9998476951563913 0.0004872997873987184

INFO:root:forgatas: ------------- 
 0.02792163872356876 0 -0.9996101150403544
 0.9994578695781134 0.0174524064372836 0.027917386122749667
 0.01744560200650408 -0.9998476951563913 0.0004872997873987184

INFO:root:forgatas: ------------- 
 0.02792163872356876 0 -0.9996101150403544
 0.9994578695781134 0.0174524064372836 0.027917386122749667
 0.01744560200650408 -0.9998476951563913 0.0004872997873987184

INFO:root:forgatas: ------------- 
 0.03489949670250108 0 -0.9993908270190958
 0.9992066514039362 0.01919744239968964 0.03489306514829809
 0.019185747836477286 -0.9998157121216442 0.0006699810777244231

INFO:root:forgatas: ------------- 
 0.03489949670250108 0 -0.9993908270190958
 0.9992066514039362 0.01919744239968964 0.03489306514829809
 0.019185747836477286 -0.9998157121216442 0.0006699810777244231

INFO:root:forgatas: ------------- 
 0.03489949670250108 0 -0.9993908270190958
 0.9992066514039362 0.01919744239968964 0.03489306514829809
 0.019185747836477286 -0.9998157121216442 0.0006699810777244231

INFO:root:forgatas: ------------- 
 0.03489949670250108 0 -0.9993908270190958
 0.9992066514039362 0.01919744239968964 0.03489306514829809
 0.019185747836477286 -0.9998157121216442 0.0006699810777244231

INFO:root:forgatas: ------------- 
 0.04361938736533601 0 -0.9990482215818578
 0.9987910758834478 0.02268733357278134 0.04360816014167856
 0.022665740258321573 -0.9997426093226983 0.0009896075913977417

INFO:root:forgatas: ------------- 
 0.04361938736533601 0 -0.9990482215818578
 0.9987910758834478 0.02268733357278134 0.04360816014167856
 0.022665740258321573 -0.9997426093226983 0.0009896075913977417

INFO:root:forgatas: ------------- 
 0.04361938736533601 0 -0.9990482215818578
 0.9987910758834478 0.02268733357278134 0.04360816014167856
 0.022665740258321573 -0.9997426093226983 0.0009896075913977417

INFO:root:forgatas: ------------- 
 0.04361938736533601 0 -0.9990482215818578
 0.9987910758834478 0.02268733357278134 0.04360816014167856
 0.022665740258321573 -0.9997426093226983 0.0009896075913977417

INFO:root:forgatas: ------------- 
 0.04361938736533601 0 -0.9990482215818578
 0.9987910758834478 0.02268733357278134 0.04360816014167856
 0.022665740258321573 -0.9997426093226983 0.0009896075913977417

INFO:root:forgatas: ------------- 
 0.04361938736533601 0 -0.9990482215818578
 0.9987910758834478 0.02268733357278134 0.04360816014167856
 0.022665740258321573 -0.9997426093226983 0.0009896075913977417

INFO:root:forgatas: ------------- 
 0.05582150499316394 0 -0.998440764181981
 0.9980986234687104 0.02617694830787314 0.055802376357575977
 0.02613613227246507 -0.9996573249755573 0.0014612366506737348

INFO:root:forgatas: ------------- 
 0.05582150499316394 0 -0.998440764181981
 0.9980986234687104 0.02617694830787314 0.055802376357575977
 0.02613613227246507 -0.9996573249755573 0.0014612366506737348

INFO:root:forgatas: ------------- 
 0.05582150499316394 0 -0.998440764181981
 0.9980986234687104 0.02617694830787314 0.055802376357575977
 0.02613613227246507 -0.9996573249755573 0.0014612366506737348

INFO:root:forgatas: ------------- 
 0.05582150499316394 0 -0.998440764181981
 0.9980986234687104 0.02617694830787314 0.055802376357575977
 0.02613613227246507 -0.9996573249755573 0.0014612366506737348

INFO:root:forgatas: ------------- 
 0.06453230825295801 0 -0.997915618272179
 0.9974763958110878 0.02966624408511075 0.06450390501050768
 0.029604408308006668 -0.999559860119384 0.0019144312080078593

INFO:root:forgatas: ------------- 
 0.06453230825295801 0 -0.997915618272179
 0.9974763958110878 0.02966624408511075 0.06450390501050768
 0.029604408308006668 -0.999559860119384 0.0019144312080078593

INFO:root:forgatas: ------------- 
 0.06453230825295801 0 -0.997915618272179
 0.9974763958110878 0.02966624408511075 0.06450390501050768
 0.029604408308006668 -0.999559860119384 0.0019144312080078593

INFO:root:forgatas: ------------- 
 0.06453230825295801 0 -0.997915618272179
 0.9974763958110878 0.02966624408511075 0.06450390501050768
 0.029604408308006668 -0.999559860119384 0.0019144312080078593

INFO:root:forgatas: ------------- 
 0.06453230825295801 0 -0.997915618272179
 0.9974763958110878 0.02966624408511075 0.06450390501050768
 0.029604408308006668 -0.999559860119384 0.0019144312080078593

INFO:root:forgatas: ------------- 
 0.06453230825295801 0 -0.997915618272179
 0.9974763958110878 0.02966624408511075 0.06450390501050768
 0.029604408308006668 -0.999559860119384 0.0019144312080078593

INFO:root:forgatas: ------------- 
 0.07671902812681881 0 -0.9970527522269202
 0.9965045885185186 0.033155178388526496 0.0766768492281908
 0.033057461862854846 -0.9994502159417571 0.0025436330633390597

INFO:root:forgatas: ------------- 
 0.07671902812681881 0 -0.9970527522269202
 0.9965045885185186 0.033155178388526496 0.0766768492281908
 0.033057461862854846 -0.9994502159417571 0.0025436330633390597

INFO:root:forgatas: ------------- 
 0.07671902812681881 0 -0.9970527522269202
 0.9965045885185186 0.033155178388526496 0.0766768492281908
 0.033057461862854846 -0.9994502159417571 0.0025436330633390597

INFO:root:forgatas: ------------- 
 0.07671902812681881 0 -0.9970527522269202
 0.9965045885185186 0.033155178388526496 0.0766768492281908
 0.033057461862854846 -0.9994502159417571 0.0025436330633390597

INFO:root:forgatas: ------------- 
 0.07671902812681881 0 -0.9970527522269202
 0.9965045885185186 0.033155178388526496 0.0766768492281908
 0.033057461862854846 -0.9994502159417571 0.0025436330633390597

INFO:root:forgatas: ------------- 
 0.07671902812681881 0 -0.9970527522269202
 0.9965045885185186 0.033155178388526496 0.0766768492281908
 0.033057461862854846 -0.9994502159417571 0.0025436330633390597

INFO:root:forgatas: ------------- 
 0.09237058744656165 0 -0.9957246981845821
 0.9950559632825356 0.036643708706556276 0.09230855078536336
 0.03648704579219949 -0.9993283937786562 0.003384800899445289

INFO:root:forgatas: ------------- 
 0.09237058744656165 0 -0.9957246981845821
 0.9950559632825356 0.036643708706556276 0.09230855078536336
 0.03648704579219949 -0.9993283937786562 0.003384800899445289

INFO:root:forgatas: ------------- 
 0.09237058744656165 0 -0.9957246981845821
 0.9950559632825356 0.036643708706556276 0.09230855078536336
 0.03648704579219949 -0.9993283937786562 0.003384800899445289

INFO:root:forgatas: ------------- 
 0.10279253678724691 0 -0.9947028171171742
 0.9939014796680303 0.04013179253255974 0.10270972661741261
 0.03991920708809915 -0.999194395114446 0.004125248760241308

INFO:root:forgatas: ------------- 
 0.10279253678724691 0 -0.9947028171171742
 0.9939014796680303 0.04013179253255974 0.10270972661741261
 0.03991920708809915 -0.999194395114446 0.004125248760241308

INFO:root:forgatas: ------------- 
 0.10279253678724691 0 -0.9947028171171742
 0.9939014796680303 0.04013179253255974 0.10270972661741261
 0.03991920708809915 -0.999194395114446 0.004125248760241308

INFO:root:forgatas: ------------- 
 0.10279253678724691 0 -0.9947028171171742
 0.9939014796680303 0.04013179253255974 0.10270972661741261
 0.03991920708809915 -0.999194395114446 0.004125248760241308

INFO:root:forgatas: ------------- 
 0.10279253678724691 0 -0.9947028171171742
 0.9939014796680303 0.04013179253255974 0.10270972661741261
 0.03991920708809915 -0.999194395114446 0.004125248760241308

INFO:root:forgatas: ------------- 
 0.11840396830650095 0 -0.9929655081065369
 0.9918631922340877 0.04710645070964268 0.11827252509668179
 0.04677508076399588 -0.99888987496197 0.0055775906968562805

INFO:root:forgatas: ------------- 
 0.11840396830650095 0 -0.9929655081065369
 0.9918631922340877 0.04710645070964268 0.11827252509668179
 0.04677508076399588 -0.99888987496197 0.0055775906968562805

INFO:root:forgatas: ------------- 
 0.11840396830650095 0 -0.9929655081065369
 0.9918631922340877 0.04710645070964268 0.11827252509668179
 0.04677508076399588 -0.99888987496197 0.0055775906968562805

INFO:root:forgatas: ------------- 
 0.11840396830650095 0 -0.9929655081065369
 0.9918631922340877 0.04710645070964268 0.11827252509668179
 0.04677508076399588 -0.99888987496197 0.0055775906968562805

INFO:root:forgatas: ------------- 
 0.11840396830650095 0 -0.9929655081065369
 0.9918631922340877 0.04710645070964268 0.11827252509668179
 0.04677508076399588 -0.99888987496197 0.0055775906968562805

INFO:root:forgatas: ------------- 
 0.11840396830650095 0 -0.9929655081065369
 0.9918631922340877 0.04710645070964268 0.11827252509668179
 0.04677508076399588 -0.99888987496197 0.0055775906968562805

INFO:root:forgatas: ------------- 
 0.11840396830650095 0 -0.9929655081065369
 0.9918631922340877 0.04710645070964268 0.11827252509668179
 0.04677508076399588 -0.99888987496197 0.0055775906968562805

INFO:root:forgatas: ------------- 
 0.11840396830650095 0 -0.9929655081065369
 0.9918631922340877 0.04710645070964268 0.11827252509668179
 0.04677508076399588 -0.99888987496197 0.0055775906968562805

INFO:root:forgatas: ------------- 
 0.13917310096006547 0 -0.9902680687415704
 0.9887240072993481 0.05582150499316394 0.13895609727614375
 0.05527825394382838 -0.998440764181981 0.0077688519501564034

INFO:root:forgatas: ------------- 
 0.13917310096006547 0 -0.9902680687415704
 0.9887240072993481 0.05582150499316394 0.13895609727614375
 0.05527825394382838 -0.998440764181981 0.0077688519501564034

INFO:root:forgatas: ------------- 
 0.13917310096006547 0 -0.9902680687415704
 0.9887240072993481 0.05582150499316394 0.13895609727614375
 0.05527825394382838 -0.998440764181981 0.0077688519501564034

INFO:root:forgatas: ------------- 
 0.13917310096006547 0 -0.9902680687415704
 0.9887240072993481 0.05582150499316394 0.13895609727614375
 0.05527825394382838 -0.998440764181981 0.0077688519501564034

INFO:root:forgatas: ------------- 
 0.16848937956500276 0 -0.9857034690888535
 0.983648886788835 0.06453230825295801 0.16813818338090558
 0.06360972011325197 -0.997915618272179 0.010873008579438403

INFO:root:forgatas: ------------- 
 0.16848937956500276 0 -0.9857034690888535
 0.983648886788835 0.06453230825295801 0.16813818338090558
 0.06360972011325197 -0.997915618272179 0.010873008579438403

INFO:root:forgatas: ------------- 
 0.16848937956500276 0 -0.9857034690888535
 0.983648886788835 0.06453230825295801 0.16813818338090558
 0.06360972011325197 -0.997915618272179 0.010873008579438403

INFO:root:forgatas: ------------- 
 0.16848937956500276 0 -0.9857034690888535
 0.983648886788835 0.06453230825295801 0.16813818338090558
 0.06360972011325197 -0.997915618272179 0.010873008579438403

INFO:root:forgatas: ------------- 
 0.16848937956500276 0 -0.9857034690888535
 0.983648886788835 0.06453230825295801 0.16813818338090558
 0.06360972011325197 -0.997915618272179 0.010873008579438403

INFO:root:forgatas: ------------- 
 0.19765734037912627 0 -0.9802711746217219
 0.977638634056068 0.07323819712763185 0.1971265270897851
 0.07179329352548089 -0.9973144772244581 0.014476067258409877

INFO:root:forgatas: ------------- 
 0.19765734037912627 0 -0.9802711746217219
 0.977638634056068 0.07323819712763185 0.1971265270897851
 0.07179329352548089 -0.9973144772244581 0.014476067258409877

INFO:root:forgatas: ------------- 
 0.19765734037912627 0 -0.9802711746217219
 0.977638634056068 0.07323819712763185 0.1971265270897851
 0.07179329352548089 -0.9973144772244581 0.014476067258409877

INFO:root:forgatas: ------------- 
 0.2317479034941575 0 -0.9727758782093965
 0.9692206705019102 0.08541692313736754 0.23090093354850794
 0.08309152241889722 -0.9963452961909064 0.01979519286000652

INFO:root:forgatas: ------------- 
 0.2317479034941575 0 -0.9727758782093965
 0.9692206705019102 0.08541692313736754 0.23090093354850794
 0.08309152241889722 -0.9963452961909064 0.01979519286000652

INFO:root:forgatas: ------------- 
 0.2317479034941575 0 -0.9727758782093965
 0.9692206705019102 0.08541692313736754 0.23090093354850794
 0.08309152241889722 -0.9963452961909064 0.01979519286000652

INFO:root:forgatas: ------------- 
 0.2317479034941575 0 -0.9727758782093965
 0.9692206705019102 0.08541692313736754 0.23090093354850794
 0.08309152241889722 -0.9963452961909064 0.01979519286000652

INFO:root:forgatas: ------------- 
 0.2689198206152657 0 -0.9631625667976582
 0.9588880172332219 0.0941083133185145 0.2677263449324418
 0.09064160461285868 -0.99556196460308 0.025307590736020142

INFO:root:forgatas: ------------- 
 0.2689198206152657 0 -0.9631625667976582
 0.9588880172332219 0.0941083133185145 0.2677263449324418
 0.09064160461285868 -0.99556196460308 0.025307590736020142

INFO:root:forgatas: ------------- 
 0.2689198206152657 0 -0.9631625667976582
 0.9588880172332219 0.0941083133185145 0.2677263449324418
 0.09064160461285868 -0.99556196460308 0.025307590736020142

INFO:root:forgatas: ------------- 
 0.2689198206152657 0 -0.9631625667976582
 0.9588880172332219 0.0941083133185145 0.2677263449324418
 0.09064160461285868 -0.99556196460308 0.025307590736020142

INFO:root:forgatas: ------------- 
 0.2890317969444716 0 -0.9573194975320672
 0.9515382024428461 0.10973431109104514 0.2872863210478545
 0.10505079555570689 -0.9939609554551797 0.03171670512110844

INFO:root:forgatas: ------------- 
 0.2890317969444716 0 -0.9573194975320672
 0.9515382024428461 0.10973431109104514 0.2872863210478545
 0.10505079555570689 -0.9939609554551797 0.03171670512110844

INFO:root:forgatas: ------------- 
 0.2890317969444716 0 -0.9573194975320672
 0.9515382024428461 0.10973431109104514 0.2872863210478545
 0.10505079555570689 -0.9939609554551797 0.03171670512110844

INFO:root:forgatas: ------------- 
 0.2890317969444716 0 -0.9573194975320672
 0.9515382024428461 0.10973431109104514 0.2872863210478545
 0.10505079555570689 -0.9939609554551797 0.03171670512110844

INFO:root:forgatas: ------------- 
 0.2890317969444716 0 -0.9573194975320672
 0.9515382024428461 0.10973431109104514 0.2872863210478545
 0.10505079555570689 -0.9939609554551797 0.03171670512110844

INFO:root:forgatas: ------------- 
 0.3173046564050921 0 -0.9483236552061993
 0.9408458399343523 0.12533323356430426 0.314802614415031
 0.11885647017251331 -0.9921147013144779 0.03976881861226072

INFO:root:forgatas: ------------- 
 0.3173046564050921 0 -0.9483236552061993
 0.9408458399343523 0.12533323356430426 0.314802614415031
 0.11885647017251331 -0.9921147013144779 0.03976881861226072

INFO:root:forgatas: ------------- 
 0.3173046564050921 0 -0.9483236552061993
 0.9408458399343523 0.12533323356430426 0.314802614415031
 0.11885647017251331 -0.9921147013144779 0.03976881861226072

INFO:root:forgatas: ------------- 
 0.3173046564050921 0 -0.9483236552061993
 0.9408458399343523 0.12533323356430426 0.314802614415031
 0.11885647017251331 -0.9921147013144779 0.03976881861226072

INFO:root:forgatas: ------------- 
 0.3616245700820924 0 -0.9323238012155122
 0.9239172236988472 0.1339861854182922 0.358363873555454
 0.1249185096995486 -0.9909831997148363 0.048452696698829435

INFO:root:forgatas: ------------- 
 0.3616245700820924 0 -0.9323238012155122
 0.9239172236988472 0.1339861854182922 0.358363873555454
 0.1249185096995486 -0.9909831997148363 0.048452696698829435

INFO:root:forgatas: ------------- 
 0.3616245700820924 0 -0.9323238012155122
 0.9239172236988472 0.1339861854182922 0.358363873555454
 0.1249185096995486 -0.9909831997148363 0.048452696698829435

INFO:root:forgatas: ------------- 
 0.4051415867798626 0 -0.9142539552342637
 0.9042116648680626 0.14780941112961055 0.40069145623290275
 0.13513533874609385 -0.9890158633619168 0.0598837393660475

INFO:root:forgatas: ------------- 
 0.4051415867798626 0 -0.9142539552342637
 0.9042116648680626 0.14780941112961055 0.40069145623290275
 0.13513533874609385 -0.9890158633619168 0.0598837393660475

INFO:root:forgatas: ------------- 
 0.4051415867798626 0 -0.9142539552342637
 0.9042116648680626 0.14780941112961055 0.40069145623290275
 0.13513533874609385 -0.9890158633619168 0.0598837393660475

INFO:root:forgatas: ------------- 
 0.4051415867798626 0 -0.9142539552342637
 0.9042116648680626 0.14780941112961055 0.40069145623290275
 0.13513533874609385 -0.9890158633619168 0.0598837393660475

INFO:root:forgatas: ------------- 
 0.4051415867798626 0 -0.9142539552342637
 0.9042116648680626 0.14780941112961055 0.40069145623290275
 0.13513533874609385 -0.9890158633619168 0.0598837393660475

INFO:root:forgatas: ------------- 
 0.4051415867798626 0 -0.9142539552342637
 0.9042116648680626 0.14780941112961055 0.40069145623290275
 0.13513533874609385 -0.9890158633619168 0.0598837393660475

INFO:root:forgatas: ------------- 
 0.4051415867798626 0 -0.9142539552342637
 0.9042116648680626 0.14780941112961055 0.40069145623290275
 0.13513533874609385 -0.9890158633619168 0.0598837393660475

INFO:root:forgatas: ------------- 
 0.4051415867798626 0 -0.9142539552342637
 0.9042116648680626 0.14780941112961055 0.40069145623290275
 0.13513533874609385 -0.9890158633619168 0.0598837393660475

INFO:root:forgatas: ------------- 
 0.4051415867798626 0 -0.9142539552342637
 0.9042116648680626 0.14780941112961055 0.40069145623290275
 0.13513533874609385 -0.9890158633619168 0.0598837393660475

INFO:root:forgatas: ------------- 
 0.4051415867798626 0 -0.9142539552342637
 0.9042116648680626 0.14780941112961055 0.40069145623290275
 0.13513533874609385 -0.9890158633619168 0.0598837393660475

INFO:root:forgatas: ------------- 
 0.4051415867798626 0 -0.9142539552342637
 0.9042116648680626 0.14780941112961055 0.40069145623290275
 0.13513533874609385 -0.9890158633619168 0.0598837393660475

INFO:root:forgatas: ------------- 
 0.4051415867798626 0 -0.9142539552342637
 0.9042116648680626 0.14780941112961055 0.40069145623290275
 0.13513533874609385 -0.9890158633619168 0.0598837393660475

INFO:root:forgatas: ------------- 
 0.4051415867798626 0 -0.9142539552342637
 0.9042116648680626 0.14780941112961055 0.40069145623290275
 0.13513533874609385 -0.9890158633619168 0.0598837393660475

INFO:root:forgatas: ------------- 
 0.4051415867798626 0 -0.9142539552342637
 0.9042116648680626 0.14780941112961055 0.40069145623290275
 0.13513533874609385 -0.9890158633619168 0.0598837393660475

INFO:root:forgatas: ------------- 
 0.4051415867798626 0 -0.9142539552342637
 0.9042116648680626 0.14780941112961055 0.40069145623290275
 0.13513533874609385 -0.9890158633619168 0.0598837393660475

INFO:root:forgatas: ------------- 
 0.4051415867798626 0 -0.9142539552342637
 0.9042116648680626 0.14780941112961055 0.40069145623290275
 0.13513533874609385 -0.9890158633619168 0.0598837393660475

INFO:root:forgatas: ------------- 
 0.4352310993723275 0 -0.9003187714021935
 0.8892343533328857 0.15643446504023092 0.4298726823144517
 0.1408408853699801 -0.9876883405951378 0.06808514419918164

INFO:root:forgatas: ------------- 
 0.4352310993723275 0 -0.9003187714021935
 0.8892343533328857 0.15643446504023092 0.4298726823144517
 0.1408408853699801 -0.9876883405951378 0.06808514419918164

INFO:root:forgatas: ------------- 
 0.4352310993723275 0 -0.9003187714021935
 0.8892343533328857 0.15643446504023092 0.4298726823144517
 0.1408408853699801 -0.9876883405951378 0.06808514419918164

INFO:root:forgatas: ------------- 
 0.4352310993723275 0 -0.9003187714021935
 0.8892343533328857 0.15643446504023092 0.4298726823144517
 0.1408408853699801 -0.9876883405951378 0.06808514419918164

INFO:root:forgatas: ------------- 
 0.4352310993723275 0 -0.9003187714021935
 0.8892343533328857 0.15643446504023092 0.4298726823144517
 0.1408408853699801 -0.9876883405951378 0.06808514419918164

INFO:root:forgatas: ------------- 
 0.4648420457246198 0 -0.8853936257544158
 0.8732509847744244 0.1650476058606776 0.4584670166873039
 0.1461320981750711 -0.9862856015372314 0.07672106675022812

INFO:root:forgatas: ------------- 
 0.4648420457246198 0 -0.8853936257544158
 0.8732509847744244 0.1650476058606776 0.4584670166873039
 0.1461320981750711 -0.9862856015372314 0.07672106675022812

INFO:root:forgatas: ------------- 
 0.4648420457246198 0 -0.8853936257544158
 0.8732509847744244 0.1650476058606776 0.4584670166873039
 0.1461320981750711 -0.9862856015372314 0.07672106675022812

INFO:root:forgatas: ------------- 
 0.4648420457246198 0 -0.8853936257544158
 0.8732509847744244 0.1650476058606776 0.4584670166873039
 0.1461320981750711 -0.9862856015372314 0.07672106675022812

INFO:root:forgatas: ------------- 
 0.49090375361514094 0 -0.8712138111201894
 0.8579781157224758 0.17364817766693041 0.4834458225429855
 0.1512846906592822 -0.984807753012208 0.08524454222512502

INFO:root:forgatas: ------------- 
 0.49090375361514094 0 -0.8712138111201894
 0.8579781157224758 0.17364817766693041 0.4834458225429855
 0.1512846906592822 -0.984807753012208 0.08524454222512502

INFO:root:forgatas: ------------- 
 0.49090375361514094 0 -0.8712138111201894
 0.8579781157224758 0.17364817766693041 0.4834458225429855
 0.1512846906592822 -0.984807753012208 0.08524454222512502

INFO:root:forgatas: ------------- 
 0.49090375361514094 0 -0.8712138111201894
 0.8579781157224758 0.17364817766693041 0.4834458225429855
 0.1512846906592822 -0.984807753012208 0.08524454222512502

INFO:root:forgatas: ------------- 
 0.49090375361514094 0 -0.8712138111201894
 0.8579781157224758 0.17364817766693041 0.4834458225429855
 0.1512846906592822 -0.984807753012208 0.08524454222512502

INFO:root:forgatas: ------------- 
 0.49090375361514094 0 -0.8712138111201894
 0.8579781157224758 0.17364817766693041 0.4834458225429855
 0.1512846906592822 -0.984807753012208 0.08524454222512502

INFO:root:forgatas: ------------- 
 0.5210096318405762 0 -0.8535507972753275
 0.839528213090032 0.18051914525056006 0.5124502098973763
 0.15408226035207617 -0.9835714708133859 0.09405221340716981

INFO:root:forgatas: ------------- 
 0.5210096318405762 0 -0.8535507972753275
 0.839528213090032 0.18051914525056006 0.5124502098973763
 0.15408226035207617 -0.9835714708133859 0.09405221340716981

INFO:root:forgatas: ------------- 
 0.5210096318405762 0 -0.8535507972753275
 0.839528213090032 0.18051914525056006 0.5124502098973763
 0.15408226035207617 -0.9835714708133859 0.09405221340716981

INFO:root:forgatas: ------------- 
 0.5461019610144291 0 -0.8377187166204387
 0.8234233392104274 0.18395135061272003 0.5367829217209741
 0.1540994893558842 -0.9829353491495543 0.10045619330085921

INFO:root:forgatas: ------------- 
 0.5461019610144291 0 -0.8377187166204387
 0.8234233392104274 0.18395135061272003 0.5367829217209741
 0.1540994893558842 -0.9829353491495543 0.10045619330085921

INFO:root:forgatas: ------------- 
 0.5461019610144291 0 -0.8377187166204387
 0.8234233392104274 0.18395135061272003 0.5367829217209741
 0.1540994893558842 -0.9829353491495543 0.10045619330085921

INFO:root:forgatas: ------------- 
 0.5461019610144291 0 -0.8377187166204387
 0.8234233392104274 0.18395135061272003 0.5367829217209741
 0.1540994893558842 -0.9829353491495543 0.10045619330085921

INFO:root:forgatas: ------------- 
 0.5461019610144291 0 -0.8377187166204387
 0.8234233392104274 0.18395135061272003 0.5367829217209741
 0.1540994893558842 -0.9829353491495543 0.10045619330085921

INFO:root:forgatas: ------------- 
 0.5461019610144291 0 -0.8377187166204387
 0.8234233392104274 0.18395135061272003 0.5367829217209741
 0.1540994893558842 -0.9829353491495543 0.10045619330085921

INFO:root:forgatas: ------------- 
 0.5461019610144291 0 -0.8377187166204387
 0.8234233392104274 0.18395135061272003 0.5367829217209741
 0.1540994893558842 -0.9829353491495543 0.10045619330085921

INFO:root:forgatas: ------------- 
 0.5461019610144291 0 -0.8377187166204387
 0.8234233392104274 0.18395135061272003 0.5367829217209741
 0.1540994893558842 -0.9829353491495543 0.10045619330085921

INFO:root:forgatas: ------------- 
 0.5461019610144291 0 -0.8377187166204387
 0.8234233392104274 0.18395135061272003 0.5367829217209741
 0.1540994893558842 -0.9829353491495543 0.10045619330085921

INFO:root:forgatas: ------------- 
 0.5461019610144291 0 -0.8377187166204387
 0.8234233392104274 0.18395135061272003 0.5367829217209741
 0.1540994893558842 -0.9829353491495543 0.10045619330085921

INFO:root:forgatas: ------------- 
 0.5461019610144291 0 -0.8377187166204387
 0.8234233392104274 0.18395135061272003 0.5367829217209741
 0.1540994893558842 -0.9829353491495543 0.10045619330085921

INFO:root:forgatas: ------------- 
 0.5461019610144291 0 -0.8377187166204387
 0.8234233392104274 0.18395135061272003 0.5367829217209741
 0.1540994893558842 -0.9829353491495543 0.10045619330085921

INFO:root:forgatas: ------------- 
 0.5461019610144291 0 -0.8377187166204387
 0.8234233392104274 0.18395135061272003 0.5367829217209741
 0.1540994893558842 -0.9829353491495543 0.10045619330085921

INFO:root:forgatas: ------------- 
 0.5461019610144291 0 -0.8377187166204387
 0.8234233392104274 0.18395135061272003 0.5367829217209741
 0.1540994893558842 -0.9829353491495543 0.10045619330085921

INFO:root:forgatas: ------------- 
 0.5707135676844317 0 -0.821149209133704
 0.8066043990779832 0.18738131458572452 0.5606046613543019
 0.1538680182785015 -0.9822872507286887 0.10694105856461768

INFO:root:forgatas: ------------- 
 0.5707135676844317 0 -0.821149209133704
 0.8066043990779832 0.18738131458572452 0.5606046613543019
 0.1538680182785015 -0.9822872507286887 0.10694105856461768

INFO:root:forgatas: ------------- 
 0.5707135676844317 0 -0.821149209133704
 0.8066043990779832 0.18738131458572452 0.5606046613543019
 0.1538680182785015 -0.9822872507286887 0.10694105856461768

